{
 "cells": [
  {
   "cell_type": "code",
   "execution_count": 1,
   "id": "f5bcfe0a",
   "metadata": {},
   "outputs": [],
   "source": [
    "\n",
    "import numpy as np\n",
    "import matplotlib\n",
    "matplotlib.use('TkAgg')\n",
    "import nimfa\n",
    "import matplotlib.pyplot as plt\n",
    "import scipy.sparse as spr\n",
    "import cv2\n",
    "import os\n",
    "\n",
    "\n",
    "\"\"\"\n",
    "    采用降维方法\n",
    "    （1）图像分块\n",
    "    （2）每块用非负矩阵分解寻找一组基图像\n",
    "    （3）带压缩图片的每块分解到基图像上\n",
    "\"\"\"\n",
    "\n",
    "SPARE_ELEMENT = 0\n",
    "SPARE_RATE = 0.5\n",
    "# 边里该文件夹下的文件名称\n",
    "def read_directory(directory_name):\n",
    "    file_list = []\n",
    "    for filename in os.listdir(directory_name):\n",
    "        str = directory_name + '/' + filename\n",
    "        file_list.append(str)\n",
    "    return file_list\n",
    "\n",
    "def bright_Norm(intput, l, h, w):\n",
    "    \"\"\"\n",
    "        调整采集图片的亮度色度问题\n",
    "        根据灰度、Gamma归一化亮度\n",
    "    \"\"\"\n",
    "    normImg_list = np.zeros([l, h, w], np.uint8)  # 用于保存亮度变换后的图像\n",
    "\n",
    "    id = 0\n",
    "    for input_path in intput:\n",
    "        # print(\"开始处理第?????\", id, \"个，其地址为：\", input_path)\n",
    "        image = cv2.imread(input_path, 0)  # 图片地址\n",
    "        # print(image.shape)\n",
    "        Gamma = np.log(128.0/255.0) / np.log(cv2.mean(image)[0]/255.0)\n",
    "        lookUpTable = np.empty((1, 256), np.uint8)\n",
    "\n",
    "        for i in range(256):\n",
    "            lookUpTable[0, i] = np.clip(pow(i / 255.0, Gamma)*255.0, 0, 255)\n",
    "\n",
    "        normImg_list[id] = cv2.LUT(image, lookUpTable)\n",
    "        id += 1\n",
    "        # cv2.imshow(filename, imageNorm)\n",
    "        # cv2.waitKey(0)\n",
    "        #\n",
    "        # cv2.imwrite('./BriNorm_image'+'/'+filename, imageNorm)\n",
    "    return normImg_list\n",
    "\n",
    "def bright_Norm_one(image):\n",
    "\n",
    "    Gamma = np.log(128.0/255.0) / np.log(cv2.mean(image)[0]/255.0)\n",
    "    lookUpTable = np.empty((1, 256), np.uint8)\n",
    "\n",
    "    for i in range(256):\n",
    "        lookUpTable[0, i] = np.clip(pow(i / 255.0, Gamma)*255.0, 0, 255)\n",
    "\n",
    "    imageNorm = cv2.LUT(image, lookUpTable)\n",
    "\n",
    "    return imageNorm\n",
    "\n",
    "# # 读取的目录\n",
    "# bright_Norm('./Original_image')\n",
    "def divide_method1(img, m, n):  # 分割成m行n列\n",
    "    print(img.shape)\n",
    "    h, w = img.shape[0], img.shape[1]\n",
    "    gx = np.round(h).astype(np.int)\n",
    "    gy = np.round(w).astype(np.int)\n",
    "    divide_image = np.zeros([m - 1, n - 1, int(h * 1.0 / (m - 1) + 0.5), int(w * 1.0 / (n - 1) + 0.5), 3],\n",
    "                            np.uint8)  # 这是一个五维的张量，前面两维表示分块后图像的位置（第m行，第n列），后面三维表示每个分块后的图像信息\n",
    "    for i in range(m - 1):\n",
    "        for j in range(n - 1):\n",
    "            print(i)\n",
    "            print(j)\n",
    "            # 这样写比a[i,j,...]=要麻烦，但是可以避免网格分块的时候，有些图像块的比其他图像块大一点或者小一点的情况引起程序出错\n",
    "            print(img[gy[i][j]:gy[i + 1][j + 1], gx[i][j]:gx[i + 1][j + 1], :])\n",
    "            divide_image[i, j, 0:gy[i + 1][j + 1] - gy[i][j], 0:gx[i + 1][j + 1] - gx[i][j], :] = img[\n",
    "                                                                                                  gy[i][j]:gy[i + 1][\n",
    "                                                                                                      j + 1],\n",
    "                                                                                                  gx[i][j]:gx[i + 1][\n",
    "                                                                                                      j + 1], :]\n",
    "\n",
    "    return divide_image\n",
    "\n",
    "\n",
    "def divide_method2(img, m, n):  # 分割成m行n列\n",
    "    h, w = img.shape[0], img.shape[1]\n",
    "    grid_h = int(h * 1.0 / (m - 1) + 0.5)  # 每个网格的高\n",
    "    grid_w = int(w * 1.0 / (n - 1) + 0.5)  # 每个网格的宽\n",
    "\n",
    "    # 满足整除关系时的高、宽\n",
    "    h = grid_h * (m - 1)\n",
    "    w = grid_w * (n - 1)\n",
    "\n",
    "    # 图像缩放\n",
    "    img_re = cv2.resize(img, (w, h),\n",
    "                        cv2.INTER_LINEAR)  # 也可以用img_re=skimage.transform.resize(img, (h,w)).astype(np.uint8)\n",
    "    # plt.imshow(img_re)\n",
    "    gx, gy = np.meshgrid(np.linspace(0, w, n), np.linspace(0, h, m))\n",
    "    gx = gx.astype(np.int_)\n",
    "    gy = gy.astype(np.int_)\n",
    "\n",
    "    divide_image = np.zeros([m - 1, n - 1, grid_h, grid_w],\n",
    "                            np.uint8)  # 这是一个五维的张量，前面两维表示分块后图像的位置（第m行，第n列），后面三维表示每个分块后的图像信息\n",
    "\n",
    "    for i in range(m - 1):\n",
    "        for j in range(n - 1):\n",
    "            divide_image[i, j, ...] = img_re[\n",
    "                                      gy[i][j]:gy[i + 1][j + 1], gx[i][j]:gx[i + 1][j + 1]]\n",
    "    return divide_image\n",
    "\n",
    "\n",
    "def isSparse(matrix):\n",
    "    \"\"\"\n",
    "    Judge spare matrix.\n",
    "    :param matrix: matrix\n",
    "    :return: boolean\n",
    "    \"\"\"\n",
    "    sum = len(matrix) * len(matrix[0])\n",
    "    spare = 0\n",
    "\n",
    "    for row in range(len(matrix)):\n",
    "        for column in range(len(matrix[row])):\n",
    "            if matrix[row][column] == SPARE_ELEMENT:\n",
    "                spare += 1\n",
    "\n",
    "    if spare / sum >= SPARE_RATE:\n",
    "        return True\n",
    "    else:\n",
    "        return False\n",
    "\n",
    "def save_blocks(title, divide_image):  #\n",
    "    m, n = divide_image.shape[0], divide_image.shape[1]\n",
    "    for i in range(m):\n",
    "        for j in range(n):\n",
    "            print(divide_image[i, j].shape)\n",
    "            # plt.imshow(divide_image[i, j, :])\n",
    "            # # plt.show()\n",
    "            # plt.axis('off')\n",
    "            # plotPath = str(title) + \"+\" + str(i) + str(j) + '.jpg'  # 图片保存路径\n",
    "            # plt.imsave(\"./img_list/\" + plotPath, divide_image[i, j, :], cmap='gray')  # 保存灰度图像\n",
    "\n",
    "\n",
    "def nmf_ls(V, r):\n",
    "    lsnmf = nimfa.Lsnmf(V, seed='random_vcol', max_iter=100, rank=r, track_error=True)  # LSNMF with Random VCol initialization and rank estimation.\n",
    "    # lsnmf = nimfa.Lsnmf(V, max_iter=100, rank=r)\n",
    "    # print(V.shape)\n",
    "    lsnmf_fit = lsnmf()\n",
    "\n",
    "    W = lsnmf_fit.basis()\n",
    "    # print(\"W:\", W.shape)\n",
    "    # print('Basis matrix:\\n%s' % W)\n",
    "\n",
    "    H = lsnmf_fit.coef()\n",
    "    # print(\"H:\", H.shape)\n",
    "    # print('Mixture matrix:\\n%s' % H)\n",
    "    #\n",
    "    # print('K-L divergence: %5.3f' % lsnmf_fit.distance(metric='kl'))\n",
    "    #\n",
    "    # print('Rss: %5.3f' % lsnmf_fit.fit.rss())\n",
    "    # print('Evar: %5.3f' % lsnmf_fit.fit.evar())\n",
    "    # print('Iterations: %d' % lsnmf_fit.n_iter)\n",
    "    # print('Target estimate:\\n%s' % np.dot(W, H))\n",
    "    return W, H\n",
    "\n",
    "\n",
    "def nmf_standard(V, r):\n",
    "    nmf = nimfa.Nmf(V, max_iter=200, rank=r, update='euclidean', objective='fro')\n",
    "    nmf_fit = nmf()\n",
    "\n",
    "    W = nmf_fit.basis()\n",
    "    # print('Basis matrix:\\n%s' % W.todense())\n",
    "\n",
    "    H = nmf_fit.coef()\n",
    "    # print('Mixture matrix:\\n%s' % H.todense())\n",
    "    #\n",
    "    # print('Euclidean distance: %5.3f' % nmf_fit.distance(metric='euclidean'))\n",
    "\n",
    "    sm = nmf_fit.summary()\n",
    "    # print('Sparseness Basis: %5.3f  Mixture: %5.3f' % (sm['sparseness'][0], sm['sparseness'][1]))\n",
    "    # print('Iterations: %d' % sm['n_iter'])\n",
    "    # print('Target estimate:\\n%s' % np.dot(W.todense(), H.todense()))\n",
    "    return W, H\n",
    "\n",
    "def create_substrate(intput, h, w, m, n, r):\n",
    "\n",
    "    '''\n",
    "    构建基底\n",
    "    r 基中向量的个数\n",
    "    划分原始图像并抽取每个子块的基\n",
    "    :return:\n",
    "    '''\n",
    "    print('input shape:', intput.shape)\n",
    "    grid_h = int(h * 1.0 / m)  # 每个网格的高\n",
    "    grid_w = int(w * 1.0 / n)  # 每个网格的宽\n",
    "    divide_image = np.zeros([bm, m, n, grid_h, grid_w],\n",
    "                            np.uint8)  # 用于保存分割后的图像\n",
    "    print('divide_image_shape:', divide_image.shape)\n",
    "\n",
    "    # print(\"==============开始分块处理文件夹内的图片==============\")\n",
    "    # for input_path in intput:\n",
    "        # print(\"开始处理第\", title, \"个，其地址为：\", input_path)\n",
    "        # img = cv2.imread(input_path, 0)  # 图片地址\n",
    "        # img = cv2.cvtColor(img, cv2.COLOR_BGR2RGB)\n",
    "    for title in range(intput.shape[0]):\n",
    "        img = intput[title]\n",
    "        divide_image2 = divide_method2(img, m + 1, n + 1)  # 该函数中m+1和n+1表示网格点个数，m和n分别表示分块的块数\n",
    "        # save_blocks(title, divide_image2)\n",
    "        divide_image[title] = divide_image2\n",
    "        # print(divide_image[title-1, ...].shape)\n",
    "        # print(divide_image2.shape)\n",
    "        # print(\"第\", title, \"个已分块完毕\")\n",
    "        # print(\"-----------------------------\")\n",
    "        title += 1\n",
    "    # print(\"==============完成全部分块处理文件夹的图片==============\")\n",
    "\n",
    "    # (2) 抽取\n",
    "    X = np.zeros([m, n, bm, grid_h * grid_w], np.uint8)  # 存储每一块抽取基矩阵的输入向量 [2,6,249,262144]\n",
    "    Basis = np.zeros([m, n, r, grid_h * grid_w], np.uint8)  # 存储每一块的基矩阵[2, 6, 100, 262144]\n",
    "    # print('X.shape:', X.shape)\n",
    "    for i in range(m):\n",
    "        for j in range(n):\n",
    "            for k in range(bm):\n",
    "                X[i][j][k] = divide_image[k, i, j, ...].flatten()\n",
    "            # print('X[i][j].shape:', X[i][j].shape)  # [249,262144]\n",
    "            W, H = nmf_ls(X[i][j], r)  # H.T 是基矩阵\n",
    "            # print('H shape:', H.shape)  # [100, 262144]\n",
    "            Basis[i, j] = H\n",
    "\n",
    "    return Basis\n",
    "\n",
    "def compute_coef( testimg, H, l, m, n):\n",
    "    '''\n",
    "    计算测试图片用基矩阵表示的向量\n",
    "    :param testimg: 测试图像集合\n",
    "    :param m: 纵向划分几块\n",
    "    :param n: 横向划分几块\n",
    "    :return: 系数向量\n",
    "    '''\n",
    "    id = 1\n",
    "    for test_path in testimg:\n",
    "        # print(\"开始处理第\", id, \"个，其地址为：\", test_path)\n",
    "        img = cv2.imread(test_path, 0)  # 图片地址\n",
    "        # cv2.imshow(str(id), img)\n",
    "        # cv2.waitKey(0)\n",
    "\n",
    "        # （1）亮度变换\n",
    "        norm_img = bright_Norm_one(img)\n",
    "        # cv2.imshow(str(id), norm_img)\n",
    "        # cv2.waitKey()\n",
    "\n",
    "        # （2）划分图像\n",
    "        divide_image2 = divide_method2(norm_img, m + 1, n + 1)  # 该函数中m+1和n+1表示网格点个数，m和n分别表示分块的块数\n",
    "        # print(divide_image2.shape)\n",
    "\n",
    "        # （3）用基底表示图\n",
    "        cn = np.zeros([l, m, n, 100, 1], np.float64)\n",
    "        # cn.reshape((l, m, n, 100))\n",
    "        for i in range(divide_image2.shape[0]):\n",
    "            for j in range(divide_image2.shape[1]):\n",
    "                # print(i, j)\n",
    "                d_pre = divide_image2[i, j].flatten()\n",
    "                y = d_pre.reshape(-1, 1)\n",
    "                # print(y.shape)\n",
    "                # 把公式写出来\n",
    "                # print(\"先看看\", np.linalg.inv((H.T) * H) * (H.T) * y)\n",
    "\n",
    "                ci = np.linalg.inv((H.T) * H) * (H.T) * y  # 系数向量c\n",
    "                # print(\"ci???????\", ci.shape)\n",
    "                # print(ci)\n",
    "                cn[id, i, j] = ci\n",
    "                # print(\"leixing:\", cn.dtype, ci.dtype)\n",
    "                # print(cn[id, i, j].shape)\n",
    "                # print(cn[id, i, j])\n",
    "    id += 1\n",
    "    return cn\n",
    "\n",
    "\n",
    "\n",
    "\n",
    "\n",
    "\n",
    "\n",
    "\n",
    "\n"
   ]
  },
  {
   "cell_type": "code",
   "execution_count": 2,
   "id": "da46c176",
   "metadata": {},
   "outputs": [],
   "source": [
    "# def compute_coef_one(img, Basis, m, n, r):\n",
    "#     # （1）亮度变换\n",
    "#     norm_img = bright_Norm_one(img)\n",
    "#     # cv2.imshow(str(id), norm_img)\n",
    "#     # cv2.waitKey(0)\n",
    "\n",
    "#     # （2）划分图像\n",
    "#     divide_image2 = divide_method2(norm_img, m + 1, n + 1)  # 该函数中m+1和n+1表示网格点个数，m和n分别表示分块的块数\n",
    "#     # print(divide_image2.shape)\n",
    "\n",
    "#     # （3）用基底表示图\n",
    "#     cn = np.zeros([m, n, r, 1], np.float64)\n",
    "#     for i in range(m):\n",
    "#         for j in range(n):\n",
    "#             # print(i, j)\n",
    "#             # cv2.imshow('sub', divide_image2[i, j])\n",
    "#             # cv2.waitKey(0)\n",
    "#             d_pre = divide_image2[i, j].flatten()\n",
    "#             y = d_pre.reshape(-1, 1)\n",
    "#             print(y.shape)\n",
    "#             # 把公式写出来\n",
    "#             # print(\"先看看\", np.linalg.inv((H.T) * H) * (H.T) * y)\n",
    "#             ci = np.dot(np.dot(np.linalg.inv(np.dot(Basis[i, j], Basis[i, j].T)), Basis[i, j]), y)  # 系数向量c\n",
    "#             # ci = np.linalg.inv((Basis[i, j].T) * Basis[i, j]) * (Basis[i, j].T) * y  # 系数向量c\n",
    "\n",
    "#             cn[i, j] = ci\n",
    "\n",
    "#     #  （4）计算残差\n",
    "#     residuals = np.zeros([m, n, 512*512, 1], np.float64)\n",
    "#     for i in range(divide_image2.shape[0]):\n",
    "#         for j in range(divide_image2.shape[1]):\n",
    "#             d_pre = divide_image2[i, j].flatten()\n",
    "#             y = d_pre.reshape(-1, 1)\n",
    "#             # print('打印出来看看', residuals[i, j].shape, y.shape, np.dot(Basis[i, j].T, cn[i, j]).shape)\n",
    "#             cv2.imshow('image', np.dot(Basis[i, j].T, cn[i, j]).reshape(512, 512))\n",
    "#             cv2.waitKey(0)\n",
    "#             residuals[i, j] = y - np.dot(Basis[i, j].T, cn[i, j])\n",
    "#     print('residuals.shape', residuals.shape)\n",
    "#     return cn, residuals"
   ]
  },
  {
   "cell_type": "code",
   "execution_count": 3,
   "id": "02ffcf36",
   "metadata": {},
   "outputs": [
    {
     "name": "stdout",
     "output_type": "stream",
     "text": [
      "图片共有： 249\n",
      "input shape: (249, 1024, 3072)\n",
      "divide_image_shape: (249, 2, 6, 512, 512)\n",
      "Basis.shape: (2, 6, 10, 262144)\n"
     ]
    }
   ],
   "source": [
    "\n",
    "\n",
    "# 读取图像\n",
    "intput = read_directory(\"./Original_image\")\n",
    "print(\"图片共有：\", len(intput))\n",
    "bm = len(intput)  # 原始维度\n",
    "h, w = 1024, 3072\n",
    "m = 2 # 8\n",
    "n = 6  # 24\n",
    "r = 10\n",
    "norm_img_list = bright_Norm(intput, bm, h, w)\n",
    "\n",
    "# 划分原始图像并抽取每个子块的基\n",
    "Basis = create_substrate(norm_img_list, h, w, m, n, r)\n",
    "\n",
    "print('Basis.shape:', Basis.shape)\n",
    "# [2,6,100, 512*512]\n",
    "# for i in range(m):\n",
    "#     for j in range(n):\n",
    "#         for k in range(r):\n",
    "#             cv2.imshow('basis', Basis[i, j, k].reshape(512, 512))\n",
    "#             cv2.waitKey(0)\n",
    "# print(Basis)\n",
    "\n",
    "   \n",
    "\n",
    "    # 对于未知子图，用基表示图像，寻找系数向量c\n",
    "    # 处理一个目录\n",
    "    # testimg = read_directory(\"./test\")  # 读取图片\n",
    "    # print(len(testimg))\n",
    "    # c = compute_coef(testimg, bm, m, n)\n",
    "    # print(c.shape)\n",
    "    # print(c)\n",
    "    # print(c[1, 1, 2])\n"
   ]
  },
  {
   "cell_type": "code",
   "execution_count": 21,
   "id": "31e58e32",
   "metadata": {
    "scrolled": false
   },
   "outputs": [
    {
     "name": "stdout",
     "output_type": "stream",
     "text": [
      "(1024, 3072)\n",
      "(262144, 1)\n",
      "-------------------------基---------------------------\n",
      "(262144, 10)\n",
      "[[ 93  97  94 ...  98  95  98]\n",
      " [ 93  97  94 ...  98  94  98]\n",
      " [ 93  96  94 ...  97  94  97]\n",
      " ...\n",
      " [120 122 119 ... 118 114 117]\n",
      " [120 122 118 ... 118 114 116]\n",
      " [119 121 118 ... 118 114 116]]\n",
      "-------------------------XTX---------------------------\n",
      "(10, 10)\n",
      "[[133  61 138 218 203 215  27 196 200 150]\n",
      " [ 61 212 158  19  34 225  92 254 108 122]\n",
      " [138 158  17 229 167 243  66 150 252 189]\n",
      " [218  19 229 220 169  62 219 110 169 250]\n",
      " [203  34 167 169 164 223 245 139 226   7]\n",
      " [215 225 243  62 223  21  19  35  22 249]\n",
      " [ 27  92  66 219 245  19 113 105  20 248]\n",
      " [196 254 150 110 139  35 105 118 199 226]\n",
      " [200 108 252 169 226  22  20 199 252  89]\n",
      " [150 122 189 250   7 249 248 226  89 117]]\n",
      "-------------------------求拟---------------------------\n",
      "(10, 10)\n",
      "[[ 2.65144851e-01 -7.22009050e-02 -2.03072821e-01 -7.58129229e-02\n",
      "   3.27319919e-02 -5.06427930e-02 -2.59050072e-03  2.19719222e-01\n",
      "  -1.26933343e-01  8.84338202e-03]\n",
      " [-7.22009050e-02  1.77275950e-02  5.45681892e-02  1.59999886e-02\n",
      "  -8.07624936e-03  1.48464398e-02  9.83734703e-04 -5.55194265e-02\n",
      "   3.41976737e-02 -2.25763201e-04]\n",
      " [-2.03072821e-01  5.45681892e-02  1.54852234e-01  5.94734883e-02\n",
      "  -2.56150883e-02  4.17240872e-02 -1.04487882e-03 -1.70161099e-01\n",
      "   9.86648535e-02 -5.19201591e-03]\n",
      " [-7.58129229e-02  1.59999886e-02  5.94734883e-02  1.96838163e-02\n",
      "  -1.10867183e-02  1.49811813e-02  7.16172119e-04 -6.29059938e-02\n",
      "   3.81338824e-02  2.14545059e-03]\n",
      " [ 3.27319919e-02 -8.07624936e-03 -2.56150883e-02 -1.10867183e-02\n",
      "   7.25706246e-03 -5.38880801e-03  2.94628449e-03  2.58014137e-02\n",
      "  -1.55008189e-02 -1.73313250e-03]\n",
      " [-5.06427930e-02  1.48464398e-02  4.17240872e-02  1.49811813e-02\n",
      "  -5.38880801e-03  1.22504364e-02 -1.33810556e-03 -4.57252746e-02\n",
      "   2.26731994e-02 -1.80157279e-03]\n",
      " [-2.59050072e-03  9.83734703e-04 -1.04487882e-03  7.16172119e-04\n",
      "   2.94628449e-03 -1.33810556e-03  1.96416370e-03  1.30186731e-03\n",
      "  -1.31510558e-03 -5.53225464e-04]\n",
      " [ 2.19719222e-01 -5.55194265e-02 -1.70161099e-01 -6.29059938e-02\n",
      "   2.58014137e-02 -4.57252746e-02  1.30186731e-03  1.81425305e-01\n",
      "  -1.03026888e-01  6.42587501e-03]\n",
      " [-1.26933343e-01  3.41976737e-02  9.86648535e-02  3.81338824e-02\n",
      "  -1.55008189e-02  2.26731994e-02 -1.31510558e-03 -1.03026888e-01\n",
      "   6.12994189e-02 -5.94691392e-03]\n",
      " [ 8.84338202e-03 -2.25763201e-04 -5.19201591e-03  2.14545059e-03\n",
      "  -1.73313250e-03 -1.80157279e-03 -5.53225464e-04  6.42587501e-03\n",
      "  -5.94691392e-03 -1.53063913e-03]]\n",
      "[[ 2.65144851e-01 -7.22009050e-02 -2.03072821e-01 -7.58129229e-02\n",
      "   3.27319919e-02 -5.06427930e-02 -2.59050072e-03  2.19719222e-01\n",
      "  -1.26933343e-01  8.84338202e-03]\n",
      " [-7.22009050e-02  1.77275950e-02  5.45681892e-02  1.59999886e-02\n",
      "  -8.07624936e-03  1.48464398e-02  9.83734703e-04 -5.55194265e-02\n",
      "   3.41976737e-02 -2.25763201e-04]\n",
      " [-2.03072821e-01  5.45681892e-02  1.54852234e-01  5.94734883e-02\n",
      "  -2.56150883e-02  4.17240872e-02 -1.04487882e-03 -1.70161099e-01\n",
      "   9.86648535e-02 -5.19201591e-03]\n",
      " [-7.58129229e-02  1.59999886e-02  5.94734883e-02  1.96838163e-02\n",
      "  -1.10867183e-02  1.49811813e-02  7.16172119e-04 -6.29059938e-02\n",
      "   3.81338824e-02  2.14545059e-03]\n",
      " [ 3.27319919e-02 -8.07624936e-03 -2.56150883e-02 -1.10867183e-02\n",
      "   7.25706246e-03 -5.38880801e-03  2.94628449e-03  2.58014137e-02\n",
      "  -1.55008189e-02 -1.73313250e-03]\n",
      " [-5.06427930e-02  1.48464398e-02  4.17240872e-02  1.49811813e-02\n",
      "  -5.38880801e-03  1.22504364e-02 -1.33810556e-03 -4.57252746e-02\n",
      "   2.26731994e-02 -1.80157279e-03]\n",
      " [-2.59050072e-03  9.83734703e-04 -1.04487882e-03  7.16172119e-04\n",
      "   2.94628449e-03 -1.33810556e-03  1.96416370e-03  1.30186731e-03\n",
      "  -1.31510558e-03 -5.53225464e-04]\n",
      " [ 2.19719222e-01 -5.55194265e-02 -1.70161099e-01 -6.29059938e-02\n",
      "   2.58014137e-02 -4.57252746e-02  1.30186731e-03  1.81425305e-01\n",
      "  -1.03026888e-01  6.42587501e-03]\n",
      " [-1.26933343e-01  3.41976737e-02  9.86648535e-02  3.81338824e-02\n",
      "  -1.55008189e-02  2.26731994e-02 -1.31510558e-03 -1.03026888e-01\n",
      "   6.12994189e-02 -5.94691392e-03]\n",
      " [ 8.84338202e-03 -2.25763201e-04 -5.19201591e-03  2.14545059e-03\n",
      "  -1.73313250e-03 -1.80157279e-03 -5.53225464e-04  6.42587501e-03\n",
      "  -5.94691392e-03 -1.53063913e-03]]\n",
      "-------------------------系数---------------------------\n",
      "(10, 1)\n",
      "[[-12271468.25860762]\n",
      " [  6069668.7555762 ]\n",
      " [ 11238043.48738653]\n",
      " [  3223312.72279114]\n",
      " [  3748096.69951848]\n",
      " [  4643242.85787802]\n",
      " [  2895120.45703279]\n",
      " [ -6775633.43155291]\n",
      " [  5507998.7023754 ]\n",
      " [  1397645.35866838]]\n",
      "(262144, 1)\n",
      "-------------------------基---------------------------\n",
      "(262144, 10)\n",
      "[[116 120 124 ... 117 120 120]\n",
      " [115 120 124 ... 117 120 120]\n",
      " [115 120 123 ... 117 119 119]\n",
      " ...\n",
      " [138 136 137 ... 137 133 132]\n",
      " [137 135 137 ... 135 133 132]\n",
      " [137 135 137 ... 134 133 132]]\n",
      "-------------------------XTX---------------------------\n",
      "(10, 10)\n",
      "[[ 91 188 172 113 204 199 158  11   2  14]\n",
      " [188  64 111 135  42  72 170  58 101 156]\n",
      " [172 111 175  48 189  82  78 143 202 100]\n",
      " [113 135  48 209 111 159 143  57 229 168]\n",
      " [204  42 189 111 197 178 123 108  86 166]\n",
      " [199  72  82 159 178 175 135  26   4  61]\n",
      " [158 170  78 143 123 135 207  65  50 219]\n",
      " [ 11  58 143  57 108  26  65 178 168 210]\n",
      " [  2 101 202 229  86   4  50 168  24  99]\n",
      " [ 14 156 100 168 166  61 219 210  99 230]]\n",
      "-------------------------求拟---------------------------\n",
      "(10, 10)\n",
      "[[-4.10913311e-03 -1.20955956e-03  5.11947564e-03  2.46912394e-05\n",
      "   5.26848680e-03 -4.50578565e-03  4.02443475e-03 -9.79582457e-03\n",
      "   1.70766493e-03  5.96176958e-04]\n",
      " [-1.20955956e-03 -6.51527566e-03  6.10004048e-03  2.57855806e-03\n",
      "   6.59954943e-03 -1.32255755e-02  8.90275025e-03 -1.39923085e-02\n",
      "   3.67154373e-03  1.41978077e-03]\n",
      " [ 5.11947564e-03  6.10004048e-03 -3.08515501e-03 -3.36281246e-03\n",
      "  -6.22684794e-03  4.86072124e-03 -2.85917753e-03  1.16650836e-02\n",
      "   9.01521201e-05 -5.41343891e-03]\n",
      " [ 2.46912394e-05  2.57855806e-03 -3.36281246e-03 -1.07036517e-05\n",
      "  -1.03580668e-02  1.27582557e-02 -2.50098001e-03  1.03389647e-02\n",
      "   1.58117797e-03 -3.92756682e-03]\n",
      " [ 5.26848680e-03  6.59954943e-03 -6.22684794e-03 -1.03580668e-02\n",
      "  -3.85617571e-02  4.46819991e-02 -5.17238307e-03  4.65408498e-02\n",
      "  -6.72102116e-03 -1.32184533e-02]\n",
      " [-4.50578565e-03 -1.32255755e-02  4.86072124e-03  1.27582557e-02\n",
      "   4.46819991e-02 -4.44365393e-02  4.13559723e-03 -4.77560337e-02\n",
      "   4.93223774e-03  1.48913413e-02]\n",
      " [ 4.02443475e-03  8.90275025e-03 -2.85917753e-03 -2.50098001e-03\n",
      "  -5.17238307e-03  4.13559723e-03 -7.15852111e-03  4.23805168e-03\n",
      "  -4.44252544e-03  4.28169877e-03]\n",
      " [-9.79582457e-03 -1.39923085e-02  1.16650836e-02  1.03389647e-02\n",
      "   4.65408498e-02 -4.77560337e-02  4.23805168e-03 -5.73559805e-02\n",
      "   7.57646595e-03  2.16103333e-02]\n",
      " [ 1.70766493e-03  3.67154373e-03  9.01521201e-05  1.58117797e-03\n",
      "  -6.72102116e-03  4.93223774e-03 -4.44252544e-03  7.57646595e-03\n",
      "  -2.33207153e-03 -1.92942577e-03]\n",
      " [ 5.96176958e-04  1.41978077e-03 -5.41343891e-03 -3.92756682e-03\n",
      "  -1.32184533e-02  1.48913413e-02  4.28169877e-03  2.16103333e-02\n",
      "  -1.92942577e-03 -8.81571575e-03]]\n",
      "[[-4.10913311e-03 -1.20955956e-03  5.11947564e-03  2.46912394e-05\n",
      "   5.26848680e-03 -4.50578565e-03  4.02443475e-03 -9.79582457e-03\n",
      "   1.70766493e-03  5.96176958e-04]\n",
      " [-1.20955956e-03 -6.51527566e-03  6.10004048e-03  2.57855806e-03\n",
      "   6.59954943e-03 -1.32255755e-02  8.90275025e-03 -1.39923085e-02\n",
      "   3.67154373e-03  1.41978077e-03]\n",
      " [ 5.11947564e-03  6.10004048e-03 -3.08515501e-03 -3.36281246e-03\n",
      "  -6.22684794e-03  4.86072124e-03 -2.85917753e-03  1.16650836e-02\n",
      "   9.01521201e-05 -5.41343891e-03]\n",
      " [ 2.46912394e-05  2.57855806e-03 -3.36281246e-03 -1.07036517e-05\n",
      "  -1.03580668e-02  1.27582557e-02 -2.50098001e-03  1.03389647e-02\n",
      "   1.58117797e-03 -3.92756682e-03]\n",
      " [ 5.26848680e-03  6.59954943e-03 -6.22684794e-03 -1.03580668e-02\n",
      "  -3.85617571e-02  4.46819991e-02 -5.17238307e-03  4.65408498e-02\n",
      "  -6.72102116e-03 -1.32184533e-02]\n",
      " [-4.50578565e-03 -1.32255755e-02  4.86072124e-03  1.27582557e-02\n",
      "   4.46819991e-02 -4.44365393e-02  4.13559723e-03 -4.77560337e-02\n",
      "   4.93223774e-03  1.48913413e-02]\n",
      " [ 4.02443475e-03  8.90275025e-03 -2.85917753e-03 -2.50098001e-03\n",
      "  -5.17238307e-03  4.13559723e-03 -7.15852111e-03  4.23805168e-03\n",
      "  -4.44252544e-03  4.28169877e-03]\n",
      " [-9.79582457e-03 -1.39923085e-02  1.16650836e-02  1.03389647e-02\n",
      "   4.65408498e-02 -4.77560337e-02  4.23805168e-03 -5.73559805e-02\n",
      "   7.57646595e-03  2.16103333e-02]\n",
      " [ 1.70766493e-03  3.67154373e-03  9.01521201e-05  1.58117797e-03\n",
      "  -6.72102116e-03  4.93223774e-03 -4.44252544e-03  7.57646595e-03\n",
      "  -2.33207153e-03 -1.92942577e-03]\n",
      " [ 5.96176958e-04  1.41978077e-03 -5.41343891e-03 -3.92756682e-03\n",
      "  -1.32184533e-02  1.48913413e-02  4.28169877e-03  2.16103333e-02\n",
      "  -1.92942577e-03 -8.81571575e-03]]\n"
     ]
    },
    {
     "name": "stdout",
     "output_type": "stream",
     "text": [
      "-------------------------系数---------------------------\n",
      "(10, 1)\n",
      "[[-10039172.2398819 ]\n",
      " [-20380043.2722487 ]\n",
      " [ 24848694.52948065]\n",
      " [ 25779182.81046803]\n",
      " [ 83558180.58926025]\n",
      " [-87191804.99035367]\n",
      " [ 12534498.05095769]\n",
      " [-98413149.43683708]\n",
      " [ 15374224.02401828]\n",
      " [ 34635941.42397824]]\n",
      "(262144, 1)\n",
      "-------------------------基---------------------------\n",
      "(262144, 10)\n",
      "[[127 125 129 ... 131 130 124]\n",
      " [127 125 128 ... 131 130 124]\n",
      " [127 125 128 ... 131 130 124]\n",
      " ...\n",
      " [109 120 102 ... 107 103 124]\n",
      " [113 124 105 ... 111 107 128]\n",
      " [114 124 107 ... 113 110 131]]\n",
      "-------------------------XTX---------------------------\n",
      "(10, 10)\n",
      "[[  9  63  83 103  73 166  64 186  93   5]\n",
      " [ 63  14 224 198 221 254 204  50 252  86]\n",
      " [ 83 224 171  83  58  30 246  20 179 214]\n",
      " [103 198  83  59 174  25 196 149 237 145]\n",
      " [ 73 221  58 174 200 191 173  61 176 188]\n",
      " [166 254  30  25 191  20 249  65  80 200]\n",
      " [ 64 204 246 196 173 249  99 123 170  72]\n",
      " [186  50  20 149  61  65 123  12  29 150]\n",
      " [ 93 252 179 237 176  80 170  29 120 130]\n",
      " [  5  86 214 145 188 200  72 150 130 104]]\n",
      "-------------------------求拟---------------------------\n",
      "(10, 10)\n",
      "[[-3.03083269e-03 -1.30950823e-04 -2.07913191e-03  2.76166225e-03\n",
      "  -3.19666137e-03  8.59150738e-04  6.56735799e-03  4.70535116e-03\n",
      "  -2.86455081e-03 -2.94432229e-03]\n",
      " [-1.30950823e-04 -2.16199794e-03  2.03833916e-04 -2.62361941e-04\n",
      "   1.39585446e-03  7.01872383e-04  3.63191677e-03 -1.83780696e-03\n",
      "   5.58526112e-04 -2.69444108e-03]\n",
      " [-2.07913191e-03  2.03833916e-04  1.70454447e-03 -7.10415290e-04\n",
      "  -4.44340957e-03  6.60908296e-04  2.29343208e-03 -6.22637914e-05\n",
      "   4.19200451e-05  2.62544074e-03]\n",
      " [ 2.76166225e-03 -2.62361941e-04 -7.10415290e-04  1.75005516e-04\n",
      "   1.05427693e-03 -3.54789704e-03 -4.11716045e-03  1.58196425e-03\n",
      "   5.53216939e-03 -1.27479528e-04]\n",
      " [-3.19666137e-03  1.39585446e-03 -4.44340957e-03  1.05427693e-03\n",
      "  -8.40612893e-05  2.64421976e-03 -1.55559284e-03 -1.70541932e-03\n",
      "   1.82851939e-03  2.99064376e-03]\n",
      " [ 8.59150738e-04  7.01872383e-04  6.60908296e-04 -3.54789704e-03\n",
      "   2.64421976e-03  1.54998476e-03  3.73719947e-03 -1.10791705e-04\n",
      "  -4.31302800e-03 -1.83194533e-03]\n",
      " [ 6.56735799e-03  3.63191677e-03  2.29343208e-03 -4.11716045e-03\n",
      "  -1.55559284e-03  3.73719947e-03 -5.00754840e-03 -2.42745438e-03\n",
      "   2.41490726e-03 -2.72358244e-03]\n",
      " [ 4.70535116e-03 -1.83780696e-03 -6.22637914e-05  1.58196425e-03\n",
      "  -1.70541932e-03 -1.10791705e-04 -2.42745438e-03  9.45781859e-04\n",
      "   2.74882689e-04  2.48477055e-03]\n",
      " [-2.86455081e-03  5.58526112e-04  4.19200451e-05  5.53216939e-03\n",
      "   1.82851939e-03 -4.31302800e-03  2.41490726e-03  2.74882689e-04\n",
      "  -2.07361056e-03 -2.61094557e-03]\n",
      " [-2.94432229e-03 -2.69444108e-03  2.62544074e-03 -1.27479528e-04\n",
      "   2.99064376e-03 -1.83194533e-03 -2.72358244e-03  2.48477055e-03\n",
      "  -2.61094557e-03  6.44266419e-03]]\n",
      "[[-3.03083269e-03 -1.30950823e-04 -2.07913191e-03  2.76166225e-03\n",
      "  -3.19666137e-03  8.59150738e-04  6.56735799e-03  4.70535116e-03\n",
      "  -2.86455081e-03 -2.94432229e-03]\n",
      " [-1.30950823e-04 -2.16199794e-03  2.03833916e-04 -2.62361941e-04\n",
      "   1.39585446e-03  7.01872383e-04  3.63191677e-03 -1.83780696e-03\n",
      "   5.58526112e-04 -2.69444108e-03]\n",
      " [-2.07913191e-03  2.03833916e-04  1.70454447e-03 -7.10415290e-04\n",
      "  -4.44340957e-03  6.60908296e-04  2.29343208e-03 -6.22637914e-05\n",
      "   4.19200451e-05  2.62544074e-03]\n",
      " [ 2.76166225e-03 -2.62361941e-04 -7.10415290e-04  1.75005516e-04\n",
      "   1.05427693e-03 -3.54789704e-03 -4.11716045e-03  1.58196425e-03\n",
      "   5.53216939e-03 -1.27479528e-04]\n",
      " [-3.19666137e-03  1.39585446e-03 -4.44340957e-03  1.05427693e-03\n",
      "  -8.40612893e-05  2.64421976e-03 -1.55559284e-03 -1.70541932e-03\n",
      "   1.82851939e-03  2.99064376e-03]\n",
      " [ 8.59150738e-04  7.01872383e-04  6.60908296e-04 -3.54789704e-03\n",
      "   2.64421976e-03  1.54998476e-03  3.73719947e-03 -1.10791705e-04\n",
      "  -4.31302800e-03 -1.83194533e-03]\n",
      " [ 6.56735799e-03  3.63191677e-03  2.29343208e-03 -4.11716045e-03\n",
      "  -1.55559284e-03  3.73719947e-03 -5.00754840e-03 -2.42745438e-03\n",
      "   2.41490726e-03 -2.72358244e-03]\n",
      " [ 4.70535116e-03 -1.83780696e-03 -6.22637914e-05  1.58196425e-03\n",
      "  -1.70541932e-03 -1.10791705e-04 -2.42745438e-03  9.45781859e-04\n",
      "   2.74882689e-04  2.48477055e-03]\n",
      " [-2.86455081e-03  5.58526112e-04  4.19200451e-05  5.53216939e-03\n",
      "   1.82851939e-03 -4.31302800e-03  2.41490726e-03  2.74882689e-04\n",
      "  -2.07361056e-03 -2.61094557e-03]\n",
      " [-2.94432229e-03 -2.69444108e-03  2.62544074e-03 -1.27479528e-04\n",
      "   2.99064376e-03 -1.83194533e-03 -2.72358244e-03  2.48477055e-03\n",
      "  -2.61094557e-03  6.44266419e-03]]\n",
      "-------------------------系数---------------------------\n",
      "(10, 1)\n",
      "[[ 3047162.41339824]\n",
      " [-2595804.23463749]\n",
      " [ 1101974.95777511]\n",
      " [10710096.79809055]\n",
      " [-4693951.41357769]\n",
      " [ 1197386.96484026]\n",
      " [12119159.63552247]\n",
      " [17321480.80729283]\n",
      " [-5226896.35407611]\n",
      " [ 7176755.89795907]]\n",
      "(262144, 1)\n",
      "-------------------------基---------------------------\n",
      "(262144, 10)\n",
      "[[110 126 135 ... 129 120 124]\n",
      " [111 128 136 ... 130 123 127]\n",
      " [114 130 138 ... 133 126 130]\n",
      " ...\n",
      " [137 134 132 ... 135 134 132]\n",
      " [137 134 133 ... 136 134 131]\n",
      " [137 135 134 ... 136 135 131]]\n",
      "-------------------------XTX---------------------------\n",
      "(10, 10)\n",
      "[[ 70 220 105 180 245  16  69 135 175 221]\n",
      " [220 127 141  99  97 156  23  43 161 134]\n",
      " [105 141 159 193 210 152 241 158  22 147]\n",
      " [180  99 193  43  39 186 178  35 195  66]\n",
      " [245  97 210  39 233 100 147 133  27 166]\n",
      " [ 16 156 152 186 100 121 208 141 129 206]\n",
      " [ 69  23 241 178 147 208 164 199 103 227]\n",
      " [135  43 158  35 133 141 199 129 144 120]\n",
      " [175 161  22 195  27 129 103 144  20  41]\n",
      " [221 134 147  66 166 206 227 120  41   3]]\n",
      "-------------------------求拟---------------------------\n",
      "(10, 10)\n",
      "[[-0.000933    0.00038239  0.00470222  0.00293823  0.00218263 -0.00533407\n",
      "  -0.00238928  0.0034346   0.00381208 -0.00659165]\n",
      " [ 0.00038239  0.00087319 -0.01040371 -0.00388016  0.00232147  0.01121354\n",
      "  -0.00109167 -0.0068001  -0.00187138  0.00970408]\n",
      " [ 0.00470222 -0.01040371 -0.00380866  0.01244514  0.00512555 -0.00421653\n",
      "   0.00712097 -0.01278458  0.00068875  0.00020448]\n",
      " [ 0.00293823 -0.00388016  0.01244514  0.00974989 -0.00243787 -0.01233438\n",
      "   0.00188453 -0.00188918  0.0042053  -0.01009074]\n",
      " [ 0.00218263  0.00232147  0.00512555 -0.00243787 -0.00296992 -0.00466809\n",
      "  -0.00031382  0.00226072 -0.00331641  0.00152161]\n",
      " [-0.00533407  0.01121354 -0.00421653 -0.01233438 -0.00466809  0.00914515\n",
      "  -0.00025644  0.00201822 -0.00519534  0.01005026]\n",
      " [-0.00238928 -0.00109167  0.00712097  0.00188453 -0.00031382 -0.00025644\n",
      "  -0.00464405  0.00545016  0.00057001 -0.0050389 ]\n",
      " [ 0.0034346  -0.0068001  -0.01278458 -0.00188918  0.00226072  0.00201822\n",
      "   0.00545016 -0.00046629  0.00404531  0.00602184]\n",
      " [ 0.00381208 -0.00187138  0.00068875  0.0042053  -0.00331641 -0.00519534\n",
      "   0.00057001  0.00404531  0.0010489  -0.00252386]\n",
      " [-0.00659165  0.00970408  0.00020448 -0.01009074  0.00152161  0.01005026\n",
      "  -0.0050389   0.00602184 -0.00252386 -0.00197197]]\n",
      "[[-0.000933    0.00038239  0.00470222  0.00293823  0.00218263 -0.00533407\n",
      "  -0.00238928  0.0034346   0.00381208 -0.00659165]\n",
      " [ 0.00038239  0.00087319 -0.01040371 -0.00388016  0.00232147  0.01121354\n",
      "  -0.00109167 -0.0068001  -0.00187138  0.00970408]\n",
      " [ 0.00470222 -0.01040371 -0.00380866  0.01244514  0.00512555 -0.00421653\n",
      "   0.00712097 -0.01278458  0.00068875  0.00020448]\n",
      " [ 0.00293823 -0.00388016  0.01244514  0.00974989 -0.00243787 -0.01233438\n",
      "   0.00188453 -0.00188918  0.0042053  -0.01009074]\n",
      " [ 0.00218263  0.00232147  0.00512555 -0.00243787 -0.00296992 -0.00466809\n",
      "  -0.00031382  0.00226072 -0.00331641  0.00152161]\n",
      " [-0.00533407  0.01121354 -0.00421653 -0.01233438 -0.00466809  0.00914515\n",
      "  -0.00025644  0.00201822 -0.00519534  0.01005026]\n",
      " [-0.00238928 -0.00109167  0.00712097  0.00188453 -0.00031382 -0.00025644\n",
      "  -0.00464405  0.00545016  0.00057001 -0.0050389 ]\n",
      " [ 0.0034346  -0.0068001  -0.01278458 -0.00188918  0.00226072  0.00201822\n",
      "   0.00545016 -0.00046629  0.00404531  0.00602184]\n",
      " [ 0.00381208 -0.00187138  0.00068875  0.0042053  -0.00331641 -0.00519534\n",
      "   0.00057001  0.00404531  0.0010489  -0.00252386]\n",
      " [-0.00659165  0.00970408  0.00020448 -0.01009074  0.00152161  0.01005026\n",
      "  -0.0050389   0.00602184 -0.00252386 -0.00197197]]\n",
      "-------------------------系数---------------------------\n",
      "(10, 1)\n",
      "[[12997429.21484152]\n",
      " [ 2447123.26818118]\n",
      " [-5824939.21453821]\n",
      " [ 3697881.85991245]\n",
      " [-1933726.14575797]\n",
      " [ 2574731.52282807]\n",
      " [ 7129227.47982895]\n",
      " [ 9207331.94066995]\n",
      " [ 8937514.79627914]\n",
      " [ 6179184.80362656]]\n",
      "(262144, 1)\n",
      "-------------------------基---------------------------\n",
      "(262144, 10)\n",
      "[[135 138 132 ... 140 135 137]\n",
      " [136 137 131 ... 138 134 137]\n",
      " [133 135 129 ... 139 134 136]\n",
      " ...\n",
      " [119 123 117 ... 116 117 121]\n",
      " [119 123 117 ... 117 118 121]\n",
      " [118 123 117 ... 118 118 121]]\n",
      "-------------------------XTX---------------------------\n",
      "(10, 10)\n",
      "[[ 45 156 202 100   7 148 129 157 236 183]\n",
      " [156  99   5   3 130  52 142 250  44  55]\n",
      " [202   5 225 242 242  84 160 124  47   4]\n",
      " [100   3 242 157 186 113 190 209 106  62]\n",
      " [  7 130 242 186  26  81  45 168 130 187]\n",
      " [148  52  84 113  81 116 119 175  45 151]\n",
      " [129 142 160 190  45 119 125  91 146 138]\n",
      " [157 250 124 209 168 175  91  87 178 168]\n",
      " [236  44  47 106 130  45 146 178  64   7]\n",
      " [183  55   4  62 187 151 138 168   7 110]]\n",
      "-------------------------求拟---------------------------\n",
      "(10, 10)\n",
      "[[ 0.01324553  0.00177418  0.01591709 -0.01776894 -0.00178505  0.00514986\n",
      "  -0.00897632 -0.00387445 -0.00103374 -0.00027687]\n",
      " [ 0.00177418  0.00365991  0.00453073 -0.01177407  0.01242265 -0.0314642\n",
      "   0.01599164 -0.01243796 -0.0003681   0.02272059]\n",
      " [ 0.01591709  0.00453073  0.02093129 -0.0213022   0.00553003 -0.01214204\n",
      "  -0.0016329  -0.01258856 -0.00711447  0.01149405]\n",
      " [-0.01776894 -0.01177407 -0.0213022   0.01673993  0.01046767 -0.01610931\n",
      "   0.01513237  0.00021495  0.01529837  0.01082008]\n",
      " [-0.00178505  0.01242265  0.00553003  0.01046767 -0.02434124  0.0506384\n",
      "  -0.02424489  0.02446443 -0.01751459 -0.04330829]\n",
      " [ 0.00514986 -0.0314642  -0.01214204 -0.01610931  0.0506384  -0.10960456\n",
      "   0.03674478 -0.04271389  0.0367165   0.09785909]\n",
      " [-0.00897632  0.01599164 -0.0016329   0.01513237 -0.02424489  0.03674478\n",
      "   0.00467802  0.01261456 -0.02031843 -0.03459818]\n",
      " [-0.00387445 -0.01243796 -0.01258856  0.00021495  0.02446443 -0.04271389\n",
      "   0.01261456 -0.01498157  0.02104569  0.03576239]\n",
      " [-0.00103374 -0.0003681  -0.00711447  0.01529837 -0.01751459  0.0367165\n",
      "  -0.02031843  0.02104569  0.00085121 -0.03379341]\n",
      " [-0.00027687  0.02272059  0.01149405  0.01082008 -0.04330829  0.09785909\n",
      "  -0.03459818  0.03576239 -0.03379341 -0.07809854]]\n",
      "[[ 0.01324553  0.00177418  0.01591709 -0.01776894 -0.00178505  0.00514986\n",
      "  -0.00897632 -0.00387445 -0.00103374 -0.00027687]\n",
      " [ 0.00177418  0.00365991  0.00453073 -0.01177407  0.01242265 -0.0314642\n",
      "   0.01599164 -0.01243796 -0.0003681   0.02272059]\n",
      " [ 0.01591709  0.00453073  0.02093129 -0.0213022   0.00553003 -0.01214204\n",
      "  -0.0016329  -0.01258856 -0.00711447  0.01149405]\n",
      " [-0.01776894 -0.01177407 -0.0213022   0.01673993  0.01046767 -0.01610931\n",
